Knight,Archers,Goblins,Giant,P.E.K.K.A,Minions,Balloon,Witch,Barbarians,Golem,Skeletons,Valkyrie,Skeleton Army,Bomber,Musketeer,Baby Dragon,Prince,Wizard,Mini P.E.K.K.A,Spear Goblins,Giant Skeleton,Hog Rider,Minion Horde,Ice Wizard,Royal Giant,Guards,Princess,Dark Prince,Three Musketeers,Lava Hound,Ice Spirit,Fire Spirit,Miner,Sparky,Bowler,Lumberjack,Battle Ram,Inferno Dragon,Ice Golem,Mega Minion,Dart Goblin,Goblin Gang,Electro Wizard,Elite Barbarians,Hunter,Executioner,Bandit,Royal Recruits,Night Witch,Bats,Royal Ghost,Ram Rider,Zappies,Rascals,Cannon Cart,Mega Knight,Skeleton Barrel,Flying Machine,Wall Breakers,Royal Hogs,Goblin Giant,Fisherman,Magic Archer,Electro Dragon,Firecracker,Mighty Miner,Elixir Golem,Battle Healer,Skeleton King,Archer Queen,Golden Knight,Monk,Skeleton Dragons,Mother Witch,Electro Spirit,Electro Giant,Phoenix,Unknown_26000093,Cannon,Goblin Hut,Mortar,Inferno Tower,Bomb Tower,Barbarian Hut,Tesla,Elixir Collector,X-Bow,Tombstone,Furnace,Goblin Cage,Goblin Drill,Fireball,Arrows,Rage,Rocket,Goblin Barrel,Freeze,Mirror,Lightning,Zap,Poison,Graveyard,The Log,Tornado,Clone,Earthquake,Barbarian Barrel,Heal Spirit,Giant Snowball,Royal Delivery
0.0,-0.0197216160908281,0.0174509791530509,-0.0191058842472006,-0.0227328948777622,0.0212583795300689,0.0034845379795697,-0.0518647634683776,-0.0212108252528212,0.0349018574072454,0.002158465045434,-0.0629827080463671,-0.0104902120022505,-0.0190339056949841,-0.0027984943305702,0.0290859302825753,-0.0367269790526394,-0.053466831979161,0.0187811165806525,-0.0188530921585146,-0.0482815710201125,-0.0002468277593836,-0.0151721489330514,0.006027852746741,-0.0737086945068019,-0.0276425702038817,-0.0158934059707362,0.0001837520076027,0.0623091513496364,-0.0249683038040479,-0.0008722358886448,0.0269602791205952,-0.0041007447426806,0.0372021849821849,0.0270652273887885,0.021224618314619,0.0331496822553161,0.0152748089008926,-0.0782394162794415,0.0203853934695246,-0.0203156027192111,-0.0201676399605273,-0.0082584965499966,-0.0098752674356979,0.0068748547857463,0.007257806475627,0.0102239545487406,-0.0203998828689407,0.0015124701965943,-0.0167994085988864,0.0271232318393734,0.0002198286206787,0.0015145484726345,0.0132217865220227,0.0196935105638463,-0.0187825151654314,0.0136361540332275,-0.0383496173634661,-0.0132026072606315,-0.0159639381427707,0.0307889382459596,-0.0024549482764899,-0.0418508791632106,0.0390355699207116,-0.0210217015115153,-0.0521917865084524,-0.0212754803007036,0.0070577005934613,-0.0304657833485583,-0.0171978857522993,-0.0429646052828113,-0.0226528682358094,0.0241296396156043,0.0349621075438973,0.0027684516492756,-0.0041656533800055,0.0209947612013143,0.0314547009886067,0.0049201174317975,-0.0130040973892386,0.0153280252161693,-0.0046832144499942,0.0063452083771755,-0.0019744002773355,-0.0007479757458361,0.0389399085606189,0.0092335086898358,0.0286611408715079,-0.0361030015929874,-0.0048218448773179,0.0338417904822321,0.0046116354444349,-0.003526305794439,0.0332501566189263,-0.0115838203175199,-0.0087215764957128,0.0283484577257085,-0.025157243528175,0.0022532491307454,-0.0038056128468871,0.0192257456890205,0.0238105710348911,0.0001183402302841,0.0129955182153581,-0.062859192758057,0.0017555609591064,0.0239652204836227,0.0458514421590413,0.0177057360409872,0.0168661221702645
-0.0197216160908281,0.0,0.0158776639450096,0.0002029451485067,0.0274617785765315,-0.0162518398021903,0.0053064989027336,-0.0355386641072104,-0.0124218448404401,-0.0011718817757057,-0.003040645363082,-0.0197172478058471,-0.0225551781563909,-0.0302856952217374,-0.0240496551151155,-0.0257594090476563,0.0236692077828465,-0.0505726568969825,0.0125351258271972,-0.0405532747927646,0.0130391721846416,-0.0022755575238815,-0.0085561058391176,-0.0159092706716742,-0.0098937019851503,-0.0286628895072514,-0.0102193515384592,-0.0013800254267948,-0.0020264983879555,-0.0447977646572776,-0.0079648676649576,0.0005151354524266,0.000762607756328,0.0319498619478949,0.0164797002027022,0.0229983974497814,0.068068236235366,0.0032837646786813,-0.0119852903329206,-0.0323470225144117,-0.0371523638357245,0.0014765192191342,0.0004089442752371,-0.0070976533164113,-0.0524544591980504,-0.032915208272701,0.0489823440868433,0.0058728819058344,0.0024476619408346,-0.015882637623048,0.0636132876835235,0.0053285053061408,0.0226745428985849,-0.0088029028173635,0.0331615894750227,0.0255687312253758,0.0020549332456346,-0.0040281240434938,0.0151059921840697,0.0452657745785639,0.0316082565714106,0.0247972447207562,-0.0659150292559008,-0.0092170084135407,-0.0455235482710168,-0.012282612495126,-0.0297533039936449,-0.0276146388448969,-0.008721306747642,-0.012366269389979,-0.0296225796951574,-0.0086720948020684,-0.027654919419346,-0.0023441651479798,-0.0138601006402531,0.0081319443644545,0.0001112413929964,0.0171201802723179,0.0019280832559085,-0.0585008866388148,-0.0250593233024093,-0.02458670571534,0.0165667894461268,0.0006398043971236,-0.0156883234795839,0.0038677091232274,-0.0158107109596434,-0.0021995097526289,-0.0222164722999272,0.0196638939201249,0.0045165252414944,0.0018949652893009,0.0076157173003683,0.0213206346372469,-0.0300798408453753,0.0028321392678131,0.0089165228678101,-0.0178045611103019,0.0058516847181808,0.0141648717389676,0.0081122827538431,0.0152623275309554,0.0023099168904827,-0.0117378115897398,-0.0053298679687903,0.02044014821779,0.0231260249904903,0.0192373849477968,0.0267692849174561,0.0213753530578996
0.0174509791530509,0.0158776639450096,0.0,-0.0112012707464514,0.001033610864772,0.0014752587545711,0.007091816896711,-0.0379147055011439,0.0287635447873088,-0.0209787937061013,-0.0731624406781843,0.0050328567406895,-0.0717920319902942,-0.0237251226988807,0.0092895758032841,-0.0257399101839661,0.0136421905052684,-0.0404359028936304,0.0285404493927707,-0.0233422307422718,0.0387238821995545,0.0216194557148383,0.0035860420798951,-0.0391834350183499,0.0401577429806406,-0.0549378744744133,0.0215367077521699,0.0096038273485844,0.0123440491801707,0.0341987570326627,0.018225846046319,0.0279208953758856,0.0036405806639571,-0.0034873544623867,0.0217425045067872,0.0230496922056218,0.0139611045529861,0.0227061919206058,-0.0093502025003032,0.0018256415953487,0.0290940440938567,0.0435083464985419,0.0202702483677258,0.0150294324615521,0.0224484045184584,0.0007890875632831,0.0217719455814587,0.0327775556089046,-0.0047227359942693,0.0041220668745436,0.0301311359053031,0.0132699761698443,0.0195193691233476,0.0323967780304549,0.0386797660050556,0.0307299330591613,0.0372910023083712,0.0212677622584247,0.0323209885833503,0.0126312956988402,0.025978203795072,0.0327602567158141,-0.0409804337675191,-0.0291826866991277,0.020052958199382,0.0036129435231422,-0.0267039104394011,-0.0516266559494516,-0.0140620084019984,-0.0324637575167384,-0.0203394342425871,0.0064947168407862,0.0259982736955286,0.0128836893384008,0.0231607365510514,-0.0053266701484154,0.0217493088382497,0.0465161373110631,0.0086938904579737,-0.0512579879589832,0.0152753935909628,0.0241098031816465,0.0184173895742567,0.0648443197104629,0.0161025582365625,0.0277280912421568,0.0372641568843562,0.0020253098808088,-0.0149678391750747,0.025893031865568,0.0139988604548021,0.0289994790265815,0.0325174115396778,0.0353616255085221,-0.0080237310533726,0.0170215231082518,0.0139408660312584,-0.0321581804315944,0.0241476690385372,0.0072483126345747,0.0170974824334186,0.0134008060772785,0.0237077078229844,-0.0166118049447742,-0.0172456899234733,0.013035240418626,0.0205843754832815,-0.0158593063914136,0.0178243352840548,0.0017716266084245
-0.0191058842472006,0.0002029451485067,-0.0112012707464514,0.0,-0.0917071633985376,0.0061367464336851,0.0118816612235199,0.0120793447687149,0.0259846874248345,-0.0316352582419152,0.0114845853384589,-0.0137176808902744,0.0340767681994917,-0.0165243225661775,0.0070019131666632,-0.0746209495713349,-0.0037599709490952,0.0033088052482717,0.0192120131576676,-0.0251095474068057,-0.0538905052595491,-0.0314808944915992,0.0413524946433089,0.0046268823025145,-0.1061661577417196,0.0341089813599677,-0.0009032056428432,0.0096152028671182,0.0028802231905645,0.0,-0.0103014568425447,0.0092547476936439,0.0124713352811605,0.0233890493661447,0.0362047460768482,-0.0086363665925017,-0.0128059077175523,-0.0048714944991931,-0.1730642675256738,0.006324123375365,-0.055774160705688,0.0033060197045753,0.0051938796868384,-0.0345395641821573,-0.0245751201777068,-0.0032620880006835,-0.0334269899007171,-0.0432128816114807,0.0270091303684426,0.0278685421734199,-0.0630630385830152,-0.0763262073335504,0.010283620538816,-0.0519822821156102,-0.0348260551634078,-0.0225611673370265,-0.0827944460978837,-0.003649169086602,-0.050247577320653,-0.1232412692028224,0.0,0.0204520124064235,-0.0689166728818363,0.0003256854758694,-0.0064534983069042,-0.0843072093985059,-0.1713459698701764,-0.1033954747033179,-0.0356300329578575,-0.0144970842237431,-0.0073820627227951,-0.0201601729296181,-0.0327968105153935,-0.0571046181697995,-0.0179933485392982,-0.1443824360682695,0.0255198175151682,0.0342171036500794,-0.0626477707490464,-0.0543575572209243,-0.0157871755238862,-0.0306478469142759,-0.01826640813623,-0.0708762719207317,-0.0841094016145784,0.0041194579825069,-0.196618332072439,0.0014241418715168,-0.0562755852791763,-0.0666090569795061,-0.1313467275388576,-0.0092610221225866,0.0180459141862632,-0.0052146213400168,-0.0463981239988902,-0.0456629978465695,-0.0024357700254961,-0.0133563242529208,0.0109939575575186,0.0129577633361425,-0.0031676292758382,0.0225608844740994,-0.0059715984032587,-0.0111677223656964,-0.1719066812674231,-0.038609087731083,-0.0195954161477613,-0.004193848431426,0.0409934264972329,-0.0297411127126817
-0.0227328948777622,0.0274617785765315,0.001033610864772,-0.0917071633985376,0.0,-0.0229083011287096,-0.0254555284712351,-0.0728152977681945,-0.0173449759728918,-0.114987312693224,-0.0427558225030195,-0.0366082502175594,-0.059221791590109,-0.0654427082906808,-0.0174658686026127,-0.0258381685001396,-0.062615510700144,-0.0337334337670262,-0.047163165136746,-0.0475873993581327,-0.0554988547221819,-0.0135982621616607,-0.055113621086605,-0.0433254850579139,-0.058204862439824,-0.0205403450325703,-0.0865055674504691,0.0026779591315276,-0.0737475546404686,-0.1472449092529005,-0.0593326394867668,-0.0918655352813545,-0.0438551796064497,-0.0731049188388896,-0.0176269076300278,-0.0186083976510788,0.0260306312874817,-0.0650092953533234,-0.0519131518236595,-0.0292178076262398,-0.0583849590646262,-0.0327054994015275,0.0157848686712367,-0.0377170029636378,0.0006923071951664,0.0041748774939422,0.0223447079975495,-0.0492314257649076,-0.0511195104411983,-0.0371325641762218,0.0310794163210357,0.0198816859522611,-0.0217153887478337,-0.0513807993856573,-0.0076053639733691,-0.0338261994508098,-0.0278766778340762,-0.0033435987117474,-0.1015190783690422,-0.0505314712956837,-0.0407275300077319,-0.0057523474025052,-0.0043594298533495,-0.0210511143613931,0.0049040162433743,-0.0711770179264957,-0.0672532995884471,-0.0285340673183456,-0.0410166419717872,-0.0036051443182558,-0.0089068543128668,-0.0158740329861183,-0.0730384943252614,-0.0170690296466505,-0.03887043212511,-0.0508768112856611,-0.0003335841093344,0.0126430388411322,-0.0703475497829954,-0.0352101947694835,0.0041421108152939,-0.0713843761711124,-0.066792027254753,-0.0629291934252752,-0.0672992977123101,-0.0593120453697294,-0.1327377913329922,-0.0431734117241945,-0.0211920399846584,-0.0488418896092451,-0.0144787001218104,0.0023100252346512,-0.0246740975626156,-0.0526248486174611,-0.0475308714254766,-0.0817784545843204,-0.0257398628603859,-0.0252031188524372,-0.006762298499559,0.0071774909032549,0.026468225810217,-0.0115682831163261,-0.0344843902136348,-0.0024493994980658,-0.1712300278231701,-0.0077600144418852,0.0173879946941513,-0.0452934780419218,-0.0189388494859895,-0.035156134389094
0.0212583795300689,-0.0162518398021903,0.0014752587545711,0.0061367464336851,-0.0229083011287096,0.0,-0.0136164719890296,-0.0117435377310173,0.0263540531993743,-0.0459753187862538,-0.0041746575373518,-0.0306663929089538,-0.0154636683900063,-0.0185507993585501,-0.0099315390053238,-0.0727976820480386,0.0036465361738541,-0.0333609821513431,0.0224074728326933,-0.0337190216790145,-0.0193851102439674,-0.0100590182739407,0.0201530510317927,-0.0020173559916459,-0.0146355700069589,0.0009550183631218,-0.0414390108426908,0.021582327212938,-0.0056127203164868,-0.0109915613857916,-0.0355278672464609,-0.0367309047113152,-0.0133683868872923,0.0429052321549843,0.0040844208761063,-0.0260296146178514,-0.0161840764498055,-0.0208479904009812,-0.0274254218160417,-0.0220117086126131,-0.0408944251987997,-0.0052027867987141,-0.0030425323473423,-0.0241282503150066,-0.0844395638170726,-0.03222137156199,-0.0025197776095343,-0.0038375427837822,-0.0144646783356874,-0.0254300146089785,-0.0170138636395043,-0.0363943376247879,-0.0136166143085803,-0.0444199462745442,-0.0060684436166872,0.005814169614758,0.0011788184503039,-0.0338922330251517,0.0020400866584067,-0.0406425903302749,0.037893372628991,-0.021028215288693,-0.0555102824668573,-0.0408937123632809,0.0013215161960617,-0.0210028616168955,-0.0656758674640764,-0.0972694785295366,-0.0315991437183572,-0.0368453820882028,-0.0350724665817384,0.0068204899226799,-0.019232888932289,0.0352975368200065,-0.0344954445414923,-0.0288548832175248,-0.0113663792806456,0.0182602772826877,-0.0251377664288675,-0.0313355485974247,-0.0235440725083193,-0.0216898135978246,-0.0272946290555985,-0.0321979567826968,-0.0571405894625264,0.0349059742334568,-0.1826695502042178,-0.0459547375572458,-0.0202862164332822,-0.0072433191457957,-0.0110318530328251,0.0084672216074495,-0.0004180824630558,0.0390961543317733,-0.0157958597321511,-0.047127097345834,-0.0150987316955541,-0.0251277518002462,-0.0048466227413612,-0.0015438976111654,-0.0132059458730497,0.0166616671390636,-0.0276066281755936,0.0005319308903836,-0.0573584733763122,-0.021173970673902,0.0001620698230742,0.0036601065495341,0.0121737817509794,-0.0372504693185751
0.0034845379795697,0.0053064989027336,0.007091816896711,0.0118816612235199,-0.0254555284712351,-0.0136164719890296,0.0,-0.0285559940171378,0.017830675623343,-0.059258438700561,0.0143133454591271,-0.0217643459288939,-0.0195351773127799,-0.0034530046970637,0.0127141192618047,0.0112132806607204,-0.0486858096907726,-0.036558246130156,-0.0388850563034374,-0.0202459346774561,-0.0267984303804133,-0.0789105628863669,-0.0414114834043179,-0.0061259264528197,-0.117302190539831,0.0021007959733737,-0.0946454953730905,-0.0459119652560534,-0.1092808146688863,0.0159641747358806,-0.0043650604402354,-0.0419009920966003,0.0159356882447114,-0.0961846673552324,0.0433690524704506,0.0152945451609025,-0.0925097725026082,0.0254457527028152,0.0209915959829258,0.0110175334113153,-0.0544768854827855,-0.0259759936491026,-0.0339644505701755,-0.070674619922165,-0.0193799128692677,-0.0181171355388339,-0.0555325394723895,0.0194806290754472,-0.0205306446135167,-0.0102937724926497,-0.0422312564209347,-0.0905149393972274,0.0027974645594638,-0.0339985644690388,-0.053331149817461,-0.0224927526019765,-0.0342069031434824,-0.0100049903631955,-0.0965605113758978,-0.1614469216611359,-0.1008751965207355,0.0369741830401186,-0.080701816732126,0.0423037419207854,-0.0179323524654598,-0.0183832329969236,-0.1087842762687597,-0.0731775788580468,-0.061440136433621,0.0038511691721014,-0.0557228876343889,-0.0320102693275879,0.0180113749501736,-0.045746674381517,0.0243117658751166,-0.0268975871302831,0.0074642613731127,0.0057280783609098,-0.0116452461695581,-0.1066639112188272,-0.016098156471715,-0.016946798740951,0.0154466996253503,-0.0380771160784498,-0.0315388605961464,-0.0413666039833295,-0.3063830625307682,0.0125533626211632,-0.0420711305290706,-0.0048628212541868,-0.0668484194488556,-0.0007210085621297,-0.0006320474853986,-0.0601168903689596,-0.0712091561393895,-0.1105111751970304,0.032465020790508,-0.0438309228655426,-0.0160366951679143,-0.0005830523726653,-0.0226981391505712,-0.1024047901454647,-0.0455210177471475,0.0340689460014724,-0.1197387952000651,-0.069138086817544,0.0349688241350609,0.0224408258172128,0.0235518313394501,-0.0093681409218323
-0.0518647634683776,-0.0355386641072104,-0.0379147055011439,0.0120793447687149,-0.0728152977681945,-0.0117435377310173,-0.0285559940171378,0.0,-0.0254422158824484,-0.0471377924939689,-0.0434659161465911,-0.0433921079252188,-0.0298589335785659,-0.0375305244384233,-0.0276747902057445,-0.100468457185752,-0.0434951744843891,-0.0608737064608177,-0.0233153088918041,-0.0388221309273094,-0.0405127492111456,-0.0373422541914055,-0.0198757245365466,-0.0764708950980245,-0.0235336141639096,-0.0489718934223219,-0.1129420694133208,-0.0411764683152661,-0.0827820678293725,-0.0342493990014705,-0.1153784238158758,-0.0390000201325894,-0.0245889883558843,-0.0491997635608332,-0.0319770293182951,-0.0200263406410798,-0.0424101214441451,-0.0349838703153643,-0.0619762364592237,-0.0237031417521215,-0.0736183358359073,-0.0183914243900122,-0.043329596692106,-0.0393459600241258,-0.0656816574187514,-0.1059443229855966,-0.0319972412051018,-0.0526289783023694,0.000182133957233,-0.0248554285305513,-0.0364288483890717,-0.0747253849286436,-0.0423530674823625,-0.0725465625874736,-0.0139063616620702,-0.0335903856931683,-0.0265461167130465,-0.0313295776946382,-0.0559997982146406,-0.1017297806333869,-0.0202608992925619,-0.0221194820005151,-0.1096864738063763,-0.0293804753663143,-0.0397503441591846,-0.0335769576578019,-0.060657282200045,-0.0244106476960166,-0.0522849278578319,-0.0407794322411152,-0.0752262636292576,0.0087490006408515,-0.1061036981096582,-0.07729923547632,-0.0825886424856542,-0.0302936587469586,0.0047090545369707,-0.0663014994216736,-0.077123821627129,-0.0208525441553859,-0.0527661185259079,-0.0486623617779135,-0.0742286502073465,0.0119843813884006,-0.0811549507644015,-0.0241166367312911,-0.1325549138175406,-0.0516475966342278,-0.0346310711663753,-0.0135445588106129,-0.0139686105630353,-0.0473569375442001,-0.0240884438159785,-0.0365047512551374,-0.0403022220272641,-0.0800977872033732,-0.0372682449116144,-0.0323010767910155,-0.0070974285323794,-0.0120860207740258,-0.0396459360714136,0.0081599521981833,-0.0801188896319818,-0.022628882496048,-0.0561320262817303,-0.0054235635152301,-0.0228125128375365,-0.036333533726669,-0.0076659297967242,-0.0644066841473569
-0.0212108252528212,-0.0124218448404401,0.0287635447873088,0.0259846874248345,-0.0173449759728918,0.0263540531993743,0.017830675623343,-0.0254422158824484,0.0,0.0426168064499783,0.0171013524470314,-0.0223284958662819,-0.0266466004583007,0.0202340892128615,0.0073280435067706,-0.0076376122443544,-0.0227717071279364,-0.0206041281932261,0.0065340866642649,0.0040267360657435,-0.0164770922939902,-0.0015333898098937,0.0014907234093811,0.0110668065986564,-0.0178951898229563,-0.000443974105448,0.0329101621072305,0.014138965296031,0.0014465700944166,0.0125283990115016,0.0469787418949236,0.012829209352219,0.0127908288516196,0.0404319433644621,0.0348828423882433,0.0377038437075381,0.0641624174245298,0.0155571579944104,0.0144703275519507,0.0185031605435757,0.0156216821036628,0.0262345889927656,0.0276448128832894,-0.0286481251265936,0.0058713949068729,-0.0011900356686707,0.0619604940249971,-0.0503106013313698,0.0305842775551048,0.0059730626182666,0.0642933385672759,-0.0182029833105905,0.0061264725538648,0.0473851031345697,0.0010434504509251,-0.0211720424847425,-0.0229353165711343,0.0132378546954051,0.0417781353299827,-0.037243758587717,0.0428538584369427,-0.001431288635848,0.0765188517181676,0.0341728898172419,-0.0313447368007109,-0.0076811869953193,0.0309528513086823,0.0304696171411309,0.0280631128453878,0.0307613580266399,-0.001045011239798,0.032112420484154,0.0117662054227513,0.0153853352654713,3.3413649971669734e-05,-0.0115322969074641,0.0217779587972029,0.047539363355841,0.0107397123218329,-0.0145623469537649,0.0011075882597368,-0.0191922159254165,-0.0102717057961618,-0.0180819306365218,-0.0091191588246287,0.0294685717129912,-0.0061918665933066,0.013906872542963,-0.0121682939583462,-0.0016263475188226,-0.0310336809410677,0.0185320733649183,0.0207042695924237,0.0256420767188271,-0.0271081176701328,0.0309399042040079,0.0119061301869477,-0.0151706768736011,0.0002604881731059,0.0203962144372332,0.0146360114014628,0.0333667448745832,0.023521645902141,0.0352839801113399,-0.0074124936373891,0.0104920709895202,0.0333265033589268,0.0619024878966395,0.0333304027013828,-0.0125840505133458
0.0349018574072454,-0.0011718817757057,-0.0209787937061013,-0.0316352582419152,-0.114987312693224,-0.0459753187862538,-0.059258438700561,-0.0471377924939689,0.0426168064499783,0.0,-0.0115615195736364,-0.0219948694843274,-0.0143944643745918,0.0215554364371076,-0.0245187551261388,-0.0073897040337129,-0.0169164819362773,-0.0571296436682082,-0.0028859747344359,-0.1069478326317616,-0.0107074827809428,-0.0892852429405406,-0.0344926755077822,-0.052120452313556,-0.1525386967969406,0.0045377884293904,-0.1048508881686875,0.0051380051684799,-0.0812668414372393,-0.3802562975851384,-0.0681962316777827,-0.1375438680870483,-0.0054724729870482,-0.0700467545621834,-0.0950896597077557,0.0297746909020514,-0.0780137744806684,-0.0360320248105685,-0.1202745233661121,-0.0140829760989253,-0.0764527525584216,-0.0303853859463311,-0.0316208747834526,0.0112981073681339,-0.0303421734273896,-0.0614141031047364,-0.0505380825365626,-0.1096196298516458,0.0010628356814933,-0.0478385038090591,-0.0523446322149033,-0.1443926211150332,-0.0327908864754266,-0.1198028804991431,-0.0388119102826829,-0.0324367029968971,-0.0575112742040682,-0.0249643867678068,-0.1477320421970077,-0.3073886075685661,-0.1306543734616373,-0.0008196749865654,-0.0624635234247302,0.034732170662341,-0.0094869742365731,-0.114351298072017,-0.2904121104941697,0.0120327334311851,-0.0176312241603918,0.0228743000219457,-0.0641798764926836,-0.0108801533060077,0.029329762553931,-0.0713037808519552,-0.0562453436027682,-0.2236896054456509,0.0054641311223982,0.0247458685168381,-0.0234230496469348,-0.0853083463857499,-0.0673175595989409,-0.0670814090940124,-0.0299464303788896,-0.0081200255034931,-0.0494816329519251,0.0218594193965454,-0.203816032335612,-0.0199719102423444,-0.0442698688892709,-0.0254334355569789,-0.0905000197038376,-0.0288233068837731,-0.0017667078244077,-0.0715208159615876,-0.0318298805182752,-0.1477049374499892,-0.1041832168425398,-0.0225877422139059,-0.001111547559374,-0.0128370499588931,-0.0243823061287285,-0.076951741687747,-0.0423062324075614,0.0315114944562554,-0.0166166511077882,-0.0336563642343881,0.026827401613412,-0.048778573114545,-0.0271078419130019,-0.0511077086672059
0.002158465045434,-0.003040645363082,-0.0731624406781843,0.0114845853384589,-0.0427558225030195,-0.0041746575373518,0.0143133454591271,-0.0434659161465911,0.0171013524470314,-0.0115615195736364,0.0,-0.0191029963635924,-0.0620740190881805,0.0086832204143948,-0.0269097064612253,-0.0341694182158905,-0.0038555563257315,-0.0305831677926728,-0.0038331560122063,-0.0406477450482246,0.0210641218715633,-0.002675168232758,-0.0039351665700019,-0.0603417167111203,0.0239854254283882,-0.0623797088620955,-0.0248770190220105,-0.0132952674382788,0.0251614292965671,-0.0468351930103413,-0.0082458351942339,0.0186310994098802,-0.0020156619476832,-0.013562454903004,0.0216149238013652,0.0197487377868356,-0.0327131065570796,0.0108401602423191,-0.0140018091866174,0.0129971213705381,-0.0387703037203998,-0.024431877895958,-0.03240228989613,-0.0111351168287466,0.0127338145010893,-0.0044864412298722,-0.0112951829274704,-0.0053122915807208,0.0077724129495365,-0.018945057636224,0.0266569824756913,0.0007266472527106,-0.0024787267667438,0.0002485903056974,0.0175387809100322,-0.0003850743317864,-0.0039529222767652,0.0069852934118744,-0.0087713457218597,0.0425040460265661,0.0141678975715343,0.0195578787424635,-0.0467314212286087,0.0056389876600121,-0.0164317515674203,-0.007995684733224,-0.0311120899679342,-0.0197812943578474,-0.0417272987994575,-0.0097299313823154,-0.0566014068611632,-0.0428985599993793,-0.0288147489904341,-0.0184369790696912,0.0069086282453325,0.0090160275186386,0.0119521177985013,0.0170745619031345,0.0005439408049643,-0.0146914714815295,-0.0086041440568435,0.0136092166175882,0.0199648649762949,-0.039321841660689,-0.0001667277320317,-0.010307783109836,0.0009983879001081,-0.0215530235560614,-0.0256553873583842,0.0285705298294099,0.01248863087156,-0.0077232406910868,-0.0081018687952287,-0.024553783211911,-0.0252808826765752,-0.0234348077798645,0.0006548842811193,-0.0525296130246787,0.007032579692857,-0.0190762107063385,0.015508278944457,0.0184224281673526,0.0033115045063775,-0.0187006011258046,-0.0385995635145598,0.0048028407233564,0.0144479516403103,-0.0347333919465972,0.0103641061282517,0.0304433150332787
-0.0629827080463671,-0.0197172478058471,0.0050328567406895,-0.0137176808902744,-0.0366082502175594,-0.0306663929089538,-0.0217643459288939,-0.0433921079252188,-0.0223284958662819,-0.0219948694843274,-0.0191029963635924,0.0,-0.0297120749797394,-0.0563005450779225,-0.0132077708727356,-0.0591320617031687,-0.0400492287334235,-0.0389801771151988,-0.0253218540778434,-0.0388396737939728,-0.0631424179291875,-0.015333085766455,-0.0469854280834257,-0.0303731965630245,-0.0386455915641408,-0.0136949789129712,-0.0702998212441012,-0.0620278590260834,-0.035028470679056,-0.0024476276337319,-0.0200553511516542,-0.0406538696986084,-0.0340072591136238,-0.0531270167063172,-0.0118890698172486,-0.0201525890063699,-0.0734454134204302,-0.0252388135936683,-0.0655292829586371,-0.0095931024983776,-0.0364771161068412,-0.027107345714856,-0.0347279793234431,-0.0548685758975177,-0.0489134362036869,-0.0179689797758775,-0.0504203640143287,-0.0095365842987766,-0.0090667399210536,-0.0345095741458162,-0.0549364006813362,-0.04725296101189,-0.0163764402751517,-0.0650111958313695,0.0044081249289895,-0.0339234943064378,-0.0039144294273493,-0.0107605456698777,-0.0351152445095959,-0.0509944481487409,-0.0393267566037232,-0.0124474430753603,-0.0670991265373376,-0.0109604075444073,-0.0190983693825678,-0.0794850482189184,-0.0671467032073316,-0.0272902906096645,-0.0902479589717503,-0.0213545764505865,-0.0643266498988879,-0.0270843671205974,-0.0448557430157003,-0.0435555099733717,-0.0081090886105916,-0.0376459775536505,0.0131877729339254,-0.0334154212900417,-0.032706279129212,-0.0172489475947671,0.0147807764187359,-0.0095645374541188,-0.0148104262551977,0.01868645215156,-0.0332408581969932,-0.0488310906622395,-0.0688985121324672,-0.0221815700385694,-0.0197074826629131,0.0066497629953878,0.0084625609150927,-0.0420147471964974,-0.0218192098320977,-0.0587508805928611,-0.0269423719758724,-0.0479374927940423,-0.0157794215555243,-0.0344332070530685,-0.000458129205356,-0.0230044176086293,-0.0140189774486795,0.0149345409307878,-0.0313232966884362,-0.0137766265167967,-0.0521178718576244,-0.0047429316969543,-0.0218105981340175,-0.0441573179141845,-0.0228449974651561,-0.003566234541215
-0.0104902120022505,-0.0225551781563909,-0.0717920319902942,0.0340767681994917,-0.059221791590109,-0.0154636683900063,-0.0195351773127799,-0.0298589335785659,-0.0266466004583007,-0.0143944643745918,-0.0620740190881805,-0.0297120749797394,0.0,-0.0257860682702563,-0.0102471716479752,-0.0627668671816997,-0.021964752322825,-0.034635538928074,-0.0166286200798507,-0.0076033557446261,-0.0147431856761649,-0.0241715952251784,-0.0143810639535779,-0.0309981639299847,0.0074852761872297,-0.0287394385639632,-0.0063965110687906,-0.0387927277185937,-0.0350876779473278,0.0040428545624773,-0.0704900996734575,-0.0445285390558838,-0.0346721184042265,0.004275213920811,0.0034952207430121,-0.0176372653226478,-0.0486285377574684,-0.0248401171447947,-0.0146615630798891,-0.0022514320919468,0.0079195483167879,-0.011230106417644,-0.0414372544195112,-0.0431609620000323,-0.0298905564672665,-0.0385469027794787,-0.0401107449534992,-0.008506098526938,0.0251921141580049,0.0123663439212305,-0.0194784335857398,-0.0458927716058301,-0.0006083559556004,-0.0535207943608835,0.0408857778832051,-0.0126935266948621,0.0225132046394146,-0.0159282544414628,-0.0244117994230726,-0.0639471201159228,0.0091705251875193,-0.0139569845731281,-0.0665362216838865,-0.0165503010773198,2.390692900167135e-05,-0.0046914731763647,-0.0600580719847008,0.0081010623962137,-0.0019981182961111,0.0152083670214249,-0.0519038897318608,0.0030769822991217,-0.0387998209143086,-0.0395276283908579,-0.02182825676283,-0.0322802845562166,0.0026954482221675,-0.0257839983023339,-0.0473725891949587,-0.0158450550277145,0.0099843155088054,0.0024684909693155,-0.0082678883850638,-0.0259359769274429,-0.0490673606092437,-0.0146750399821163,-0.1034395635469753,-0.0575971651391336,-0.0118294108584979,-0.0026518211799867,0.0111551326655204,-0.0388905449838222,-0.0086875091345888,-0.0411604950474652,-0.0386423123108905,-0.0134686725993945,-0.0208703629516934,-0.0154881444801117,0.0055675068741012,-0.0070495734911658,-0.019727262233845,0.0332983736326342,-0.0394116233028783,-0.0163231364382107,-0.0083058471708656,-0.0116866228167036,-0.0285353134924143,-0.0374334909684285,0.0396861214965758,-0.0345028034857803
-0.0190339056949841,-0.0302856952217374,-0.0237251226988807,-0.0165243225661775,-0.0654427082906808,-0.0185507993585501,-0.0034530046970637,-0.0375305244384233,0.0202340892128615,0.0215554364371076,0.0086832204143948,-0.0563005450779225,-0.0257860682702563,0.0,-0.0253766091072414,-0.0399668468391509,-0.0152278684740564,-0.0498746465834919,-0.0147139044668954,-0.0510368404241407,-0.0760391829067301,-0.0250913535396676,-0.0022044642636814,-0.0096330149022551,-0.0430574643480451,-0.0626663554915515,-0.0853942999537824,0.0017570384611372,-0.0182610491990067,0.0174030084923247,-0.0764491065676091,-0.0339905705406368,-0.0342672318019222,-0.0334863095339056,-0.0633401145737965,-0.0091586929595308,-0.0696806867258819,-0.0080380358211758,0.0412373761117171,0.0337009165309865,-0.0600691016689035,-0.0185625771981451,-0.0543578650935733,-0.0034265119681202,-0.0247034202762667,-0.0758959900882695,-0.0629625085388261,0.001976112796391,0.0366044252788974,-0.0241016065903609,-0.0405783439906137,-0.0558697821253746,-0.033146064141186,-0.0901760796838422,0.0145400829340508,-0.0300790317142011,-0.0402836248667141,-0.0958153579117667,-0.0706847732307401,-0.0914043350048484,-0.0326516998622544,-0.0401060332841613,-0.1300697468864233,0.0063037132123348,-0.0405886189758279,-0.0328077274067454,-0.0933082303926514,-0.0354079192405519,-0.1353994208212907,0.0406630977731403,0.0094978676302586,-0.0472479355410188,-0.0306229422739248,-0.0788001903313334,-0.0138851937813375,0.0225335480691945,0.0023949708881854,-0.0186746526276444,0.0227273084915961,-0.0576242818181769,-0.0032325718937293,-0.0216559929922938,-0.0448979444127869,-0.068025037245279,-0.0556358245849502,-0.0031066252854621,-0.0804736365902296,-0.0669086908221295,-0.0389143848150309,-0.0124270087318413,-0.0117201978264094,-0.0205265229549144,-0.0099537375162855,-0.0280795063476045,0.0056046600013653,-0.0656822169244008,-0.0331729091822575,-0.0533399292864929,0.0266022200479761,-0.0041019303191822,-0.0361191304170909,-0.0289146666006337,-0.0490633482301234,0.0084420778971422,-0.0664678026658976,0.0030537634521138,-0.0035976403702959,-0.058459455437666,0.000977447336083,-0.0832350528285388
-0.0027984943305702,-0.0240496551151155,0.0092895758032841,0.0070019131666632,-0.0174658686026127,-0.0099315390053238,0.0127141192618047,-0.0276747902057445,0.0073280435067706,-0.0245187551261388,-0.0269097064612253,-0.0132077708727356,-0.0102471716479752,-0.0253766091072414,0.0,-0.0649344779281231,0.0005034715546418,-0.0257251761116246,-0.0080277824871685,0.0309325888290113,-0.0229664836472835,-0.0183467133203952,-0.0351240387092791,-0.0133470074958196,-0.0318239542257205,0.0001683417450342,-0.0443390739012897,-0.0073831597294141,-0.0013519698678827,-0.0874865381508388,-0.0261105665329395,-0.0205663767501393,-0.0014501514307779,0.0106845990608586,0.0028151722633744,0.0097611196604162,-0.0359197694945915,-0.0359425611184094,-0.0280962989731574,-0.006469303800958,-0.0421383021923977,0.0105084702038401,-0.0095756240579554,-0.0219984534549625,-0.101477949250836,-0.0286211177332924,0.0042590110942667,0.0209008918074019,0.0014699109975421,0.0079310980697474,-0.0076899078371592,-0.0387084051590271,-0.0366675903660753,-0.0375884908612726,0.0183431335632566,0.0118766933958144,0.0203279611648534,-0.0278940503307378,0.0030866786042098,-0.0289582685821957,0.0024011710940136,0.005262442145332,-0.0333412117104292,-0.0527806923720079,-0.007157235620089,0.0052891944400546,-0.0733744442173514,-0.0376901782936469,-0.0180894278880878,-0.0953678146206034,-0.0220599371989271,-0.0272365357622708,-0.0203219889581323,-0.038943240099144,0.0001066637679355,-0.0229629347848891,0.0216813156828942,-0.0019825026921648,-0.0339296952435179,-0.0019799357083551,0.0312599675777306,-0.0157539783487452,0.0113894265036794,0.0111704539257941,-0.0560223299059902,-0.0140495158894153,-0.0020044461102843,-0.0261323407981177,0.0103899292964818,0.0055333989799652,0.008092471888088,-0.0298823025703164,-0.0014077978577926,-0.0264299475921294,-0.0220250905712294,-0.0461023689490098,-0.0017146663024538,-0.008865204777578,0.0114111575769556,0.003157114297476,0.004220032222742,0.0200904173550321,-0.0153796151408525,-0.0092404694149802,-0.0695289041863351,-0.0069457313456287,0.0059145884388005,-0.0069113649272781,0.0187350208034666,0.0061403402107017
0.0290859302825753,-0.0257594090476563,-0.0257399101839661,-0.0746209495713349,-0.0258381685001396,-0.0727976820480386,0.0112132806607204,-0.100468457185752,-0.0076376122443544,-0.0073897040337129,-0.0341694182158905,-0.0591320617031687,-0.0627668671816997,-0.0399668468391509,-0.0649344779281231,0.0,-0.0730603777164348,-0.1296094193420284,-0.0566951094473333,-0.0604268566827365,-0.0825099186263303,-0.0866639744723538,-0.0920424239394762,0.0146347343748785,-0.0670460634809029,-0.0147694078311289,-0.1777743382286159,-0.0433942746558689,-0.1167575447664959,-0.0112374996863336,-0.0850455363285845,-0.1041091168798644,-0.0568216540292356,-0.0598266752501,0.0367781495604686,0.0027036560179299,-0.0756232026092912,0.016282586239595,-0.1004260239851327,-0.0125803872388335,-0.13067859232223,-0.0591580149480726,-0.038749596540732,-0.0797862332181611,-0.0425598032899198,-0.0792607690796492,-0.0632719684834438,-0.0340075941703879,0.0013812320011812,-0.0672241190821602,-0.0923936765635935,-0.0536520138415522,-0.022152252061077,-0.0839794146616894,-0.0327379213242801,-0.0784428429290569,-0.0399854377234356,-0.0321043463006774,-0.1124004805123738,-0.1492475588119124,-0.0459316161087294,-0.0166631425171219,-0.1355699265337214,3.310487306285026e-06,-0.0566920523854479,-0.0778426632466238,-0.0358820807390145,-0.02003509016997,-0.0158407337336422,-0.0179491800169039,-0.0749922575506846,-0.0177945786592074,-0.0771606842436578,-0.1100890398232057,-0.0857319315109814,0.0134845439740559,-0.0133391771646624,0.0149567428953933,-0.0849278065837508,-0.0452818307260817,-0.0508197500155367,-0.0647673725772312,-0.0290600436073703,-0.0152126428650157,-0.0892829360460043,-0.019057324638266,-0.2467319612818981,0.0294362780489672,-0.0580126428232151,0.0013128257026063,-0.0417955723473437,-0.0601713812647647,-0.0354087418820084,-0.0835577663201303,-0.0891703979817896,-0.1238308977040235,0.0407729986805522,-0.0646715241422357,0.0035346204867239,-0.0526784715112756,0.0230853035125961,0.0238450811176568,-0.0841830171361524,0.0308029276853543,-0.0089527219457738,-0.0967686041051425,0.0174424468686661,-0.0631210545985609,-0.0220210254378687,-0.084889718562262
-0.0367269790526394,0.0236692077828465,0.0136421905052684,-0.0037599709490952,-0.062615510700144,0.0036465361738541,-0.0486858096907726,-0.0434951744843891,-0.0227717071279364,-0.0169164819362773,-0.0038555563257315,-0.0400492287334235,-0.021964752322825,-0.0152278684740564,0.0005034715546418,-0.0730603777164348,0.0,-0.0398441222455745,-0.0415328758500114,0.0237414910430944,-0.048933048751,-0.013508458870129,-0.0432237117862822,-0.0349824059532718,0.0063156409295475,-0.021270830844741,0.0060884719052179,0.0062433728916102,-0.0659652245610284,-0.069712701861677,-0.0337078561358958,-0.0297181138184643,0.0270983177912598,-0.0429896197262913,-0.0453475062021116,-0.0282924738943402,-0.0321069689299227,-0.0229771144834148,-0.0905654565741737,-0.0012119503319,0.0125586359838302,0.0215643593228812,-0.0127635872328139,-0.0442787051423735,-0.022142387153473,-0.030398853089803,0.0300453004597278,-0.0418299490743216,-0.0105577218783024,0.0269334469116073,-0.0077073105967138,-0.0488000976815028,0.003353736826563,0.0250745959795363,-0.0600201703313749,0.0246945259083966,0.0189181314059302,-0.02170328360293,0.0446834538955416,-0.093338051542388,0.026163255719053,0.0007503057159804,-0.0766222104358057,-0.0324225165670868,0.0095228563253926,-0.0388832477165203,-0.0688132833360111,-0.0268280484218302,-0.0849478200293779,0.0102577796475157,-0.0460162822647325,-0.0629823805156999,-0.0312687958826805,-0.0284065156681294,0.0217674365919448,-0.0221223850485076,0.0102544217367301,0.0078735021654215,-0.0428407691614081,-0.0074869842008604,-0.0249668280090493,-0.0388535696489018,-0.0796546720423932,0.0225513859056941,-0.0630212054554922,-0.007827797223862,-0.1369941179967967,-0.029476316898365,-0.0282935196003707,-0.0083304638750731,0.0034491487795672,-0.0195489335305355,0.0057371617885206,-0.0223165034099023,0.0054448134174823,0.0138281840814366,-0.0556113441134928,-0.0193515405450697,0.0013769907952198,0.0147893806787505,-0.0190298434986493,-0.0387936696556103,-0.0209997747446077,-0.0060366254048246,-0.0785571036243287,-0.0099511028252354,0.0037729585620882,-0.0119244941122916,-0.0287122512417887,-0.0105298442288055
-0.053466831979161,-0.0505726568969825,-0.0404359028936304,0.0033088052482717,-0.0337334337670262,-0.0333609821513431,-0.036558246130156,-0.0608737064608177,-0.0206041281932261,-0.0571296436682082,-0.0305831677926728,-0.0389801771151988,-0.034635538928074,-0.0498746465834919,-0.0257251761116246,-0.1296094193420284,-0.0398441222455745,0.0,-0.0339088478919722,-0.0681044067627821,-0.0497441453023406,-0.0320949962908759,-0.0568204814303106,-0.0264624865812604,-0.042321098973213,-0.0067448498151068,-0.1246510827203988,-0.04568695089869,-0.0467608905237074,-0.062969054303981,-0.0974037284851197,-0.0479049746631758,-0.0466278736947611,-0.0187531662602612,-0.0297706005958548,-0.0253016432124409,-0.0628539758882679,-0.0648208706957028,-0.0645296112445351,-0.0487610431571746,-0.0654442989280144,-0.0342638365619673,-0.0481740331923106,-0.0577829688853451,-0.0569378803536281,-0.0896929632905345,-0.0473063812121055,-0.0440297662790447,-0.011375120222633,-0.0336399082355927,-0.0529453454364476,-0.0747814299864373,-0.0271033455751834,-0.0945916796042143,-0.0037864814354536,-0.0448388731601424,-0.0428585294879211,-0.0370197187236089,-0.0628096544563581,-0.0846745028322606,0.0021316064508504,-0.0562289136654602,-0.1114942236640522,-0.0436218349541482,-0.0426737602461252,-0.06785711118952,-0.0946487165167422,-0.0683429783444244,-0.1187619385822303,-0.0307070921673868,-0.0678824290410323,0.0025766606615809,-0.0946293645123997,-0.1073224696174739,-0.0425614727689818,-0.0705738465453204,-0.0384160887089579,-0.0797258196958247,-0.0769855013367147,-0.0539746219216475,-0.0317059737345992,-0.0506269809332008,-0.0566169634706126,-0.0309337170789529,-0.0668047991044754,-0.0026348847845528,-0.1517353921866226,-0.0524876261804073,-0.0563283373422135,-0.07084713067565,-0.0290101061579597,-0.0657425422059536,-0.041167722994683,-0.0599602825642459,-0.0475912160116009,-0.0803154598833814,-0.0293000467880453,-0.037901103341968,-0.0146252272484037,-0.016082509728942,-0.0510177693049329,-0.0094427693756785,-0.0570158142622763,-0.0053604536917933,-0.0927275931432435,-0.0557426753823732,-0.0445592644230851,-0.040350237181804,-0.0592869538043139,-0.0661484230955061
